name: pyflowenv
channels:
  - conda-forge
  - defaults
dependencies:
  - bzip2=1.0.8=h8ffe710_4
  - ca-certificates=2021.10.8=h5b45459_0
  - certifi=2021.10.8=py310h5588dad_1
  - cycler=0.11.0=pyhd8ed1ab_0
  - flopy=3.3.4=py310hbbfc1a7_1
  - freetype=2.10.4=h546665d_1
  - intel-openmp=2021.4.0=h57928b3_3556
  - jbig=2.1=h8d14728_2003
  - jpeg=9d=h8ffe710_0
  - kiwisolver=1.3.2=py310h476a331_1
  - lcms2=2.12=h2a16943_0
  - lerc=3.0=h0e60522_0
  - libblas=3.9.0=12_win64_mkl
  - libcblas=3.9.0=12_win64_mkl
  - libdeflate=1.8=h8ffe710_0
  - libffi=3.4.2=h8ffe710_5
  - liblapack=3.9.0=12_win64_mkl
  - libpng=1.6.37=h1d00b33_2
  - libtiff=4.3.0=hd413186_2
  - libzlib=1.2.11=h8ffe710_1013
  - lz4-c=1.9.3=h8ffe710_1
  - matplotlib-base=3.4.3=py310h79a7439_2
  - mkl=2021.4.0=h0e2418a_729
  - numpy=1.21.4=py310h5ebf175_0
  - olefile=0.46=pyh9f0ad1d_1
  - openjpeg=2.4.0=hb211442_1
  - openssl=3.0.0=h8ffe710_2
  - pandas=1.3.4=py310hf5e1058_1
  - pillow=8.4.0=py310h22f3323_0
  - pip=21.3.1=pyhd8ed1ab_0
  - pyparsing=3.0.6=pyhd8ed1ab_0
  - python=3.10.0=hcf16a7b_2_cpython
  - python-dateutil=2.8.2=pyhd8ed1ab_0
  - python_abi=3.10=2_cp310
  - pytz=2021.3=pyhd8ed1ab_0
  - setuptools=59.1.1=py310h5588dad_0
  - six=1.16.0=pyh6c4a22f_0
  - sqlite=3.36.0=h8ffe710_2
  - tbb=2021.4.0=h2d74725_1
  - tk=8.6.11=h8ffe710_1
  - tornado=6.1=py310he2412df_2
  - tzdata=2021e=he74cb21_0
  - ucrt=10.0.20348.0=h57928b3_0
  - vc=14.2=hb210afc_5
  - vs2015_runtime=14.29.30037=h902a5da_5
  - wheel=0.37.0=pyhd8ed1ab_1
  - xz=5.2.5=h62dcd97_1
  - zlib=1.2.11=h8ffe710_1013
  - zstd=1.5.0=h6255e5f_0
prefix: C:\Users\nick.lamkey\Miniconda3\envs\pyflowenv

